AttributeBegin
	#ObjectName Shield:Vector(0.02, 0.002, 0.02)
	ConcatTransform [1.0 0.0 0.0 0  0.0 1.0 0.0 0  0.0 0.0 1.0 0  0.0 0.3025 0.0 1]
	AttributeBegin
		NamedMaterial "ShieldMat"
		Shape "trianglemesh"  "integer indices" [0 1 2 2 3 0 4 5 6 6 7 4 8 9 10 10 11 8 12 13 14 14 15 12 ] "point P" [-0.020140713159 -0.0025 -0.02 -0.020140713159 0.0025 -0.02 0.020140713159 0.0025 -0.02 0.020140713159 -0.0025 -0.02 0.020140713159 -0.0025 -0.02 0.020140713159 0.0025 -0.02 0.020140713159 0.0025 0.02 0.020140713159 -0.0025 0.02 0.020140713159 -0.0025 0.02 0.020140713159 0.0025 0.02 -0.020140713159 0.0025 0.02 -0.020140713159 -0.0025 0.02 -0.020140713159 -0.0025 0.02 -0.020140713159 0.0025 0.02 -0.020140713159 0.0025 -0.02 -0.020140713159 -0.0025 -0.02 ] "float uv" [0.0 -1.0 0.0 0.0 1.0 0.0 1.0 -1.0 0.0 -1.0 0.0 0.0 1.0 0.0 1.0 -1.0 0.0 -1.0 0.0 0.0 1.0 0.0 1.0 -1.0 0.0 -1.0 0.0 0.0 1.0 0.0 1.0 -1.0 ] "normal N" [0.0 0.0 -1.0 0.0 0.0 -1.0 0.0 0.0 -1.0 0.0 0.0 -1.0 1.0 0.0 0.0 1.0 0.0 0.0 1.0 0.0 0.0 1.0 0.0 0.0 0.0 0.0 1.0 0.0 0.0 1.0 0.0 0.0 1.0 0.0 0.0 1.0 -1.0 0.0 0.0 -1.0 0.0 0.0 -1.0 0.0 0.0 -1.0 0.0 0.0 ]
	AttributeEnd
AttributeEnd
AttributeBegin
	#ObjectName LampShade:Vector(0.052, 0.086, 0.052)
	ConcatTransform [1.0 0.0 0.0 0  0.0 1.0 0.0 0  0.0 0.0 1.0 0  0.0 0.386 0.0 1]
AttributeEnd
AttributeBegin
	#ObjectName MCC:Vector(0.05, 2, 3)
	ConcatTransform [0.928674121815 -0.0 -0.370896718065 0  0.0 1.0 -0.0 0  0.370896718065 0.0 0.928674121815 0  -13.5042108555 4.0 -6.88690675042 1]
AttributeEnd
AttributeBegin
	#ObjectName USAF:Vector(0.05, 4, 6)
	ConcatTransform [1.0 0.0 0.0 0  0.0 1.0 0.0 0  0.0 0.0 1.0 0  9.65914418558 4.0 -2.691629421 1]
AttributeEnd
AttributeBegin
	#ObjectName EIA:Vector(0.05, 4, 4)
	ConcatTransform [0.897063553718 -0.0 0.441901550791 0  0.0 1.0 0.0 0  -0.441901550791 0.0 0.897063553718 0  -10.0 4.0 8.17927159981 1]
AttributeEnd
AttributeBegin
	#ObjectName view_Camera_Right:Vector(0, 0, 0)
	ConcatTransform [-0.309016994375 -0.0 -0.951056516295 0  0.475528258148 0.866025403784 -0.154508497187 0  0.823639103546 -0.5 -0.26761656733 0  -120.0 70.0 6.0 1]
AttributeEnd
AttributeBegin
	#ObjectName Camera Front.1:Vector(0, 0, 0)
	ConcatTransform [-1.60812264968e-16 -0.0 -1.0 0  0.132087129152 0.991238109796 -2.1241230412e-17 0  0.991238109796 -0.132087129152 -1.59403245559e-16 0  -76.6213843769 22.4950281288 2.67292246855e-15 1]
AttributeEnd
AttributeBegin
	#ObjectName AreaLight:Vector(0.02, 0, 0.02)
	ConcatTransform [1.0 0.0 0.0 0  0.0 1.0 0.0 0  0.0 0.0 1.0 0  0.0 0.305 0.0 1]
	AttributeBegin
		NamedMaterial "areaLightMat"
		Shape "trianglemesh"  "integer indices" [0 1 2 2 3 0 4 5 6 6 7 4 8 9 10 10 11 8 12 13 14 14 15 12 16 17 18 18 19 16 20 21 22 22 23 20 ] "point P" [-0.02 -5e-05 -0.02 -0.02 5e-05 -0.02 0.02 5e-05 -0.02 0.02 -5e-05 -0.02 0.02 -5e-05 -0.02 0.02 5e-05 -0.02 0.02 5e-05 0.02 0.02 -5e-05 0.02 0.02 -5e-05 0.02 0.02 5e-05 0.02 -0.02 5e-05 0.02 -0.02 -5e-05 0.02 -0.02 -5e-05 0.02 -0.02 5e-05 0.02 -0.02 5e-05 -0.02 -0.02 -5e-05 -0.02 -0.02 5e-05 -0.02 -0.02 5e-05 0.02 0.02 5e-05 0.02 0.02 5e-05 -0.02 -0.02 -5e-05 0.02 -0.02 -5e-05 -0.02 0.02 -5e-05 -0.02 0.02 -5e-05 0.02 ] "float uv" [0.0 -1.0 0.0 0.0 1.0 0.0 1.0 -1.0 0.0 -1.0 0.0 0.0 1.0 0.0 1.0 -1.0 0.0 -1.0 0.0 0.0 1.0 0.0 1.0 -1.0 0.0 -1.0 0.0 0.0 1.0 0.0 1.0 -1.0 0.0 -1.0 0.0 0.0 1.0 0.0 1.0 -1.0 0.0 -1.0 0.0 0.0 1.0 0.0 1.0 -1.0 ] "normal N" [0.0 0.0 -1.0 0.0 0.0 -1.0 0.0 0.0 -1.0 0.0 0.0 -1.0 1.0 0.0 0.0 1.0 0.0 0.0 1.0 0.0 0.0 1.0 0.0 0.0 0.0 0.0 1.0 0.0 0.0 1.0 0.0 0.0 1.0 0.0 0.0 1.0 -1.0 0.0 0.0 -1.0 0.0 0.0 -1.0 0.0 0.0 -1.0 0.0 0.0 0.0 1.0 0.0 0.0 1.0 0.0 0.0 1.0 0.0 0.0 1.0 0.0 0.0 -1.0 0.0 0.0 -1.0 0.0 0.0 -1.0 0.0 0.0 -1.0 0.0 ]
	AttributeEnd
AttributeEnd
AttributeBegin
	#ObjectName Camera Up:Vector(0, 0, 0)
	ConcatTransform [6.12323399574e-17 6.12323399574e-17 -1.0 0  -1.0 3.74939945665e-33 -6.12323399574e-17 0  -0.0 1.0 6.12323399574e-17 0  8.97310957617e-48 1.98731436673 3.71579463261e-15 1]
AttributeEnd
AttributeBegin
	#ObjectName Camera Front:Vector(0, 0, 0)
	ConcatTransform [1.0 0.0 0.0 0  0.0 1.0 0.0 0  0.0 0.0 1.0 0  0.0 0.125 -0.4 1]
AttributeEnd
AttributeBegin
	#ObjectName Camera  Bottom:Vector(0, 0, 0)
	ConcatTransform [0.316519431557 -0.0 -0.948586026382 0  -0.411101608672 0.901209560546 -0.137174324595 0  0.854874795976 0.433383580654 0.285250337818 0  -50.0221824726 -6.14797883455 -9.35425004435 1]
AttributeEnd
AttributeBegin
	#ObjectName Camera Upper Right:Vector(0, 0, 0)
	ConcatTransform [0.5 -0.0 -0.866025403784 0  0.406574299727 0.882947592859 0.234735781393 0  0.764655045626 -0.469471562786 0.441473796429 0  -65.0 45.0 -22.0 1]
AttributeEnd
AttributeBegin
	#ObjectName Camera Upper Left:Vector(0, 0, 0)
	ConcatTransform [-0.5 -0.0 -0.866025403784 0  0.406574299727 0.882947592859 -0.234735781393 0  0.764655045626 -0.469471562786 -0.441473796429 0  -65.0 45.0 22.0 1]
AttributeEnd
AttributeBegin
	#ObjectName Sphere:Vector(5, 5, 5)
	ConcatTransform [1.0 0.0 0.0 0  0.0 1.0 0.0 0  0.0 0.0 1.0 0  0.0 5.0 2.94408309117 1]
AttributeEnd
AttributeBegin
	#ObjectName CubeSmall:Vector(0.025, 0.025, 0.025)
	ConcatTransform [0.714142891733 -0.0 -0.699999950133 0  0.0 1.0 -0.0 0  0.699999950133 0.0 0.714142891733 0  0.085353 0.025 -0.014647 1]
	AttributeBegin
		NamedMaterial "CubeSmall"
		Shape "trianglemesh"  "integer indices" [0 1 2 2 3 0 4 5 6 6 7 4 8 9 10 10 11 8 12 13 14 14 15 12 16 17 18 18 19 16 20 21 22 22 23 20 ] "point P" [-0.025 -0.025 -0.025 -0.025 0.025 -0.025 0.025 0.025 -0.025 0.025 -0.025 -0.025 0.025 -0.025 -0.025 0.025 0.025 -0.025 0.025 0.025 0.025 0.025 -0.025 0.025 0.025 -0.025 0.025 0.025 0.025 0.025 -0.025 0.025 0.025 -0.025 -0.025 0.025 -0.025 -0.025 0.025 -0.025 0.025 0.025 -0.025 0.025 -0.025 -0.025 -0.025 -0.025 -0.025 0.025 -0.025 -0.025 0.025 0.025 0.025 0.025 0.025 0.025 0.025 -0.025 -0.025 -0.025 0.025 -0.025 -0.025 -0.025 0.025 -0.025 -0.025 0.025 -0.025 0.025 ] "float uv" [0.0 -1.0 0.0 0.0 1.0 0.0 1.0 -1.0 0.0 -1.0 0.0 0.0 1.0 0.0 1.0 -1.0 0.0 -1.0 0.0 0.0 1.0 0.0 1.0 -1.0 0.0 -1.0 0.0 0.0 1.0 0.0 1.0 -1.0 0.0 -1.0 0.0 0.0 1.0 0.0 1.0 -1.0 0.0 -1.0 0.0 0.0 1.0 0.0 1.0 -1.0 ] "normal N" [0.0 0.0 -1.0 0.0 0.0 -1.0 0.0 0.0 -1.0 0.0 0.0 -1.0 1.0 0.0 0.0 1.0 0.0 0.0 1.0 0.0 0.0 1.0 0.0 0.0 0.0 0.0 1.0 0.0 0.0 1.0 0.0 0.0 1.0 0.0 0.0 1.0 -1.0 0.0 0.0 -1.0 0.0 0.0 -1.0 0.0 0.0 -1.0 0.0 0.0 0.0 1.0 0.0 0.0 1.0 0.0 0.0 1.0 0.0 0.0 1.0 0.0 0.0 -1.0 0.0 0.0 -1.0 0.0 0.0 -1.0 0.0 0.0 -1.0 0.0 ]
	AttributeEnd
AttributeEnd
AttributeBegin
	#ObjectName CubeLarge:Vector(0.025, 0.075, 0.025)
	ConcatTransform [0.866025403784 -0.0 0.5 0  0.0 1.0 0.0 0  -0.5 0.0 0.866025403784 0  -0.085849 0.075 -0.005849 1]
	AttributeBegin
		NamedMaterial "CubeLarge"
		Shape "trianglemesh"  "integer indices" [0 1 2 2 3 0 4 5 6 6 7 4 8 9 10 10 11 8 12 13 14 14 15 12 16 17 18 18 19 16 20 21 22 22 23 20 ] "point P" [-0.025 -0.075 -0.025 -0.025 0.075 -0.025 0.025 0.075 -0.025 0.025 -0.075 -0.025 0.025 -0.075 -0.025 0.025 0.075 -0.025 0.025 0.075 0.025 0.025 -0.075 0.025 0.025 -0.075 0.025 0.025 0.075 0.025 -0.025 0.075 0.025 -0.025 -0.075 0.025 -0.025 -0.075 0.025 -0.025 0.075 0.025 -0.025 0.075 -0.025 -0.025 -0.075 -0.025 -0.025 0.075 -0.025 -0.025 0.075 0.025 0.025 0.075 0.025 0.025 0.075 -0.025 -0.025 -0.075 0.025 -0.025 -0.075 -0.025 0.025 -0.075 -0.025 0.025 -0.075 0.025 ] "float uv" [0.0 -1.0 0.0 0.0 1.0 0.0 1.0 -1.0 0.0 -1.0 0.0 0.0 1.0 0.0 1.0 -1.0 0.0 -1.0 0.0 0.0 1.0 0.0 1.0 -1.0 0.0 -1.0 0.0 0.0 1.0 0.0 1.0 -1.0 0.0 -1.0 0.0 0.0 1.0 0.0 1.0 -1.0 0.0 -1.0 0.0 0.0 1.0 0.0 1.0 -1.0 ] "normal N" [0.0 0.0 -1.0 0.0 0.0 -1.0 0.0 0.0 -1.0 0.0 0.0 -1.0 1.0 0.0 0.0 1.0 0.0 0.0 1.0 0.0 0.0 1.0 0.0 0.0 0.0 0.0 1.0 0.0 0.0 1.0 0.0 0.0 1.0 0.0 0.0 1.0 -1.0 0.0 0.0 -1.0 0.0 0.0 -1.0 0.0 0.0 -1.0 0.0 0.0 0.0 1.0 0.0 0.0 1.0 0.0 0.0 1.0 0.0 0.0 1.0 0.0 0.0 -1.0 0.0 0.0 -1.0 0.0 0.0 -1.0 0.0 0.0 -1.0 0.0 ]
	AttributeEnd
AttributeEnd
AttributeBegin
	#ObjectName Box:Vector(0.15, 0.15, 0.15)
	ConcatTransform [6.12323399574e-17 -0.0 1.0 0  0.0 1.0 0.0 0  -1.0 0.0 6.12323399574e-17 0  0.0 0.15 0.0 1]
	AttributeBegin
		NamedMaterial "TopWall"
		Shape "trianglemesh"  "integer indices" [0 1 2 2 3 0 3 2 4 4 5 3 5 4 6 6 7 5 7 6 1 1 0 7 ] "point P" [0.02 0.149722389736 -0.02 0.15 0.149722389736 -0.15 -0.15 0.149722389736 -0.15 -0.02 0.149722389736 -0.02 -0.15 0.149722389736 0.15 -0.02 0.149722389736 0.02 0.15 0.149722389736 0.15 0.02 0.149722389736 0.02 ] "float uv" [0.675580263138 -0.678283452988 0.996465861797 -0.99910902977 0.00353417987935 -0.99910902977 0.324419558048 -0.678283452988 0.00089096382726 -0.00353417964652 0.321716427803 -0.324419558048 0.996465861797 -0.00089096382726 0.675580382347 -0.321716427803 ] "normal N" [0.0 1.0 0.0 0.0 1.0 0.0 0.0 1.0 0.0 0.0 1.0 0.0 0.0 1.0 0.0 0.0 1.0 0.0 0.0 1.0 0.0 0.0 1.0 0.0 ]
	AttributeEnd
	AttributeBegin
		NamedMaterial "BackWall"
		Shape "trianglemesh"  "integer indices" [0 1 2 2 3 0 ] "point P" [0.15 -0.15 -0.15 0.15 0.15 -0.15 0.15 0.15 0.15 0.15 -0.15 0.15 ] "float uv" [0.00222820229828 -0.99777173996 0.00222820229828 -0.00222820229828 0.99777173996 -0.00222820229828 0.99777173996 -0.99777173996 ] "normal N" [1.0 0.0 0.0 1.0 0.0 0.0 1.0 0.0 0.0 1.0 0.0 0.0 ]
	AttributeEnd
	AttributeBegin
		NamedMaterial "BottomWall"
		Shape "trianglemesh"  "integer indices" [0 1 2 2 3 0 ] "point P" [-0.15 -0.149722389736 0.149722389736 -0.15 -0.149722389736 -0.149722389736 0.15 -0.149722389736 -0.149722389736 0.15 -0.149722389736 0.149722389736 ] "float uv" [0.00222820229828 -0.99777173996 0.00222820229828 -0.00222820229828 0.99777173996 -0.00222820229828 0.99777173996 -0.99777173996 ] "normal N" [0.0 -1.0 0.0 0.0 -1.0 0.0 0.0 -1.0 0.0 0.0 -1.0 0.0 ]
	AttributeEnd
	AttributeBegin
		NamedMaterial "RightWall"
		Shape "trianglemesh"  "integer indices" [0 1 2 2 3 0 ] "point P" [-0.15 -0.149722389736 -0.149722389736 -0.15 0.149722389736 -0.149722389736 0.15 0.149722389736 -0.149722389736 0.15 -0.149722389736 -0.149722389736 ] "float uv" [0.0 -1.0 0.0 0.0 1.0 0.0 1.0 -1.0 ] "normal N" [0.0 0.0 -1.0 0.0 0.0 -1.0 0.0 0.0 -1.0 0.0 0.0 -1.0 ]
	AttributeEnd
	AttributeBegin
		NamedMaterial "LeftWall"
		Shape "trianglemesh"  "integer indices" [0 1 2 2 3 0 ] "point P" [0.15 -0.149722389736 0.149722389736 0.15 0.149722389736 0.149722389736 -0.15 0.149722389736 0.149722389736 -0.15 -0.149722389736 0.149722389736 ] "float uv" [0.0 -1.0 0.0 0.0 1.0 0.0 1.0 -1.0 ] "normal N" [0.0 0.0 1.0 0.0 0.0 1.0 0.0 0.0 1.0 0.0 0.0 1.0 ]
	AttributeEnd
	Shape "trianglemesh"  "integer indices" [0 1 2 2 3 0 3 2 4 4 5 3 5 4 6 6 7 5 7 6 1 1 0 7 8 9 10 10 11 8 11 10 12 12 13 11 13 12 14 14 15 13 15 14 9 9 8 15 16 17 18 18 19 16 20 21 22 22 23 20 24 25 26 26 27 24 28 29 21 21 20 28 30 31 32 32 33 30 34 35 29 29 28 34 36 37 38 38 39 36 23 22 35 35 34 23 ] "point P" [0.15 -0.15 -0.15 0.15 -0.149722389736 -0.149722389736 0.15 0.149722389736 -0.149722389736 0.15 0.15 -0.15 0.15 0.149722389736 0.149722389736 0.15 0.15 0.15 0.15 -0.149722389736 0.149722389736 0.15 -0.15 0.15 -0.15 -0.149722389736 0.149722389736 -0.15 -0.149722389736 0.149722389736 -0.15 -0.149722389736 -0.149722389736 -0.15 -0.149722389736 -0.149722389736 0.15 -0.149722389736 -0.149722389736 0.15 -0.149722389736 -0.149722389736 0.15 -0.149722389736 0.149722389736 0.15 -0.149722389736 0.149722389736 0.15 0.149722389736 -0.15 0.15 0.149722389736 -0.149722389736 -0.15 0.149722389736 -0.149722389736 -0.15 0.149722389736 -0.15 -0.02 0.149722389736 -0.02 -0.05 0.149722389736 -0.0499074632452 0.05 0.149722389736 -0.0499074632452 0.02 0.149722389736 -0.02 -0.15 0.149722389736 -0.15 -0.15 0.149722389736 -0.149722389736 -0.15 0.149722389736 0.149722389736 -0.15 0.149722389736 0.15 -0.02 0.149722389736 0.02 -0.05 0.149722389736 0.0499074632452 -0.15 0.149722389736 0.15 -0.15 0.149722389736 0.149722389736 0.15 0.149722389736 0.149722389736 0.15 0.149722389736 0.15 0.02 0.149722389736 0.02 0.05 0.149722389736 0.0499074632452 0.15 0.149722389736 0.15 0.15 0.149722389736 0.149722389736 0.15 0.149722389736 -0.149722389736 0.15 0.149722389736 -0.15 ] "float uv" [0.00222820229828 -0.99777173996 0.0 -1.0 0.0 0.0 0.00222820229828 -0.00222820229828 1.0 0.0 0.99777173996 -0.00222820229828 1.0 -1.0 0.99777173996 -0.99777173996 0.00222820229828 -0.99777173996 0.0 -1.0 0.0 0.0 0.00222820229828 -0.00222820229828 1.0 0.0 0.99777173996 -0.00222820229828 1.0 -1.0 0.99777173996 -0.99777173996 0.996465861797 -0.99910902977 1.0 -1.0 0.0 -1.0 0.00353417987935 -0.99910902977 0.324419558048 -0.678283452988 0.322608053684 -0.677391886711 0.677391886711 -0.677391886711 0.675580263138 -0.678283452988 0.00353417987935 -0.99910902977 0.0 -1.0 0.0 0.0 0.00089096382726 -0.00353417964652 0.321716427803 -0.324419558048 0.322608053684 -0.322608053684 0.00089096382726 -0.00353417964652 0.0 0.0 1.0 0.0 0.996465861797 -0.00089096382726 0.675580382347 -0.321716427803 0.677391886711 -0.322608053684 0.996465861797 -0.00089096382726 1.0 0.0 1.0 -1.0 0.996465861797 -0.99910902977 ] "normal N" [-1.0 0.0 0.0 -1.0 0.0 0.0 -1.0 0.0 0.0 -1.0 0.0 0.0 -1.0 0.0 0.0 -1.0 0.0 0.0 -1.0 0.0 0.0 -1.0 0.0 0.0 0.0 0.0 0.0 0.0 0.0 0.0 0.0 0.0 0.0 0.0 0.0 0.0 0.0 0.0 0.0 0.0 0.0 0.0 0.0 0.0 0.0 0.0 0.0 0.0 0.0 -1.0 0.0 0.0 -1.0 0.0 0.0 -1.0 0.0 0.0 -1.0 0.0 0.0 -1.0 0.0 0.0 -1.0 0.0 0.0 -1.0 0.0 0.0 -1.0 0.0 0.0 0.0 0.0 0.0 0.0 0.0 0.0 0.0 0.0 0.0 0.0 0.0 0.0 -1.0 0.0 0.0 -1.0 0.0 0.0 -1.0 0.0 0.0 -1.0 0.0 0.0 -1.0 0.0 0.0 -1.0 0.0 0.0 -1.0 0.0 0.0 -1.0 0.0 0.0 0.0 0.0 0.0 0.0 0.0 0.0 0.0 0.0 0.0 0.0 0.0 ]
AttributeEnd
AttributeBegin
	#ObjectName Spot light top:Vector(0, 0, 0)
	ConcatTransform [1.0 -0.0 0.0 0  0.0 6.12323399574e-17 1.0 0  -0.0 -1.0 6.12323399574e-17 0  0.0 0.289629311209 -0.00789746144172 1]
AttributeEnd
AttributeBegin
	#ObjectName Spot light front:Vector(0, 0, 0)
	ConcatTransform [6.12323399574e-17 -0.0 -1.0 0  -0.210125699209 0.97767437858 -1.28664882477e-17 0  0.97767437858 0.210125699209 5.98652899168e-17 0  -0.5 0.15 0.0 1]
AttributeEnd
AttributeBegin
	#ObjectName Bunny:Vector(0.031, 0.031, 0.024)
AttributeEnd
